
kMeans
======

Number of iterations: 7
Within cluster sum of squared errors: 3692.161631354912
Missing values globally replaced with mean/mode

Cluster centroids:
                         Cluster#
Attribute    Full Data          0          1
                 (376)      (368)        (8)
============================================
K0              0.0608     0.0621          0
K1              0.0049      0.005          0
K2              0.1288     0.1316          0
K3              0.1534     0.1568          0
K4              0.0083     0.0085          0
K5              0.1536      0.157          0
K6              0.1192     0.1179       0.18
K7               0.138      0.141          0
K8              0.1141     0.1165          0
K9               0.142     0.1451          0
K10             0.0872     0.0891          0
K11             0.0481     0.0492          0
K12              0.117      0.116     0.1663
K13             0.1539     0.1573          0
K14             0.0945     0.0966          0
K15             0.1147     0.1172          0
K16               0.08     0.0817          0
K17             0.1168     0.1193          0
K18             0.0862     0.0881          0
K19             0.1851     0.1891          0
K20             0.1082     0.1106          0
K21             0.0536     0.0548          0
K22             0.1157     0.1182          0
K23              0.133      0.133     0.1325
K24              0.109     0.1114          0
K25             0.0982     0.0859      0.665
K26             0.0037     0.0038          0
K27             0.0869     0.0888          0
K28             0.0633     0.0647          0
K29             0.1131     0.1156          0
K30             0.1599     0.1606     0.1263
K31             0.1845     0.1885          0
K32             0.0898     0.0918          0
K33             0.0626      0.064          0
K34             0.1294     0.1235     0.3988
K35              0.124     0.1267          0
K36             0.0882     0.0902          0
K37             0.0707     0.0723          0
K38             0.0681     0.0695          0
K39             0.0671     0.0686          0
K40             0.0898     0.0918          0
K41             0.1675     0.1711          0
K42             0.1045     0.1067          0
K43             0.1646     0.1479     0.9313
K44             0.1078     0.1066     0.1663
K45             0.0663     0.0677          0
K46             0.1822     0.1862          0
K47             0.1646     0.1682          0
K48             0.1188     0.1214          0
K49             0.0559     0.0571          0
K50             0.0965     0.0986          0
K51             0.1228     0.1255          0
K52             0.1707     0.1745          0
K53             0.1016     0.0956     0.3775
K54             0.1272     0.1299          0
K55             0.1599     0.1633          0
K56             0.0849     0.0867          0
K57             0.1831     0.1871          0
K58             0.1618     0.1624     0.1325
K59             0.0761      0.072     0.2663
K60             0.1298     0.1326          0
K61             0.1594     0.1629          0
K62             0.0996     0.1018          0
K63             0.1555     0.1588          0
K64             0.0805     0.0823          0
K65             0.0803      0.082          0
K66             0.0672     0.0686          0
K67              0.082     0.0809     0.1325
K68              0.213     0.2063      0.525
K69             0.0704     0.0719          0
K70             0.1224     0.1251          0
K71             0.1203     0.1229          0
K72             0.0916     0.0757     0.8238
K73             0.0543     0.0554          0
K74             0.1177     0.1202          0
K75             0.0689     0.0646     0.2663
K76              0.087     0.0889          0
K77             0.0931     0.0951          0
K78              0.082     0.0837          0
K79             0.1059     0.1082          0
K80             0.1277     0.1305          0
K81             0.0949     0.0969          0
K82             0.1206     0.1233          0
K83             0.1406     0.1351     0.3925
K84             0.0964     0.0985          0
K85             0.1635     0.1671          0
K86             0.0625     0.0639          0
K87             0.1287     0.1315          0
K88             0.0937     0.0957          0
K89             0.0708     0.0724          0
K90             0.0919     0.0939          0
K91             0.1312      0.134          0
K92             0.0755     0.0771          0
K93             0.1997      0.204          0
K94             0.1505     0.1538          0
K95             0.1132      0.098     0.8113
K96             0.0898     0.0917          0
K97             0.1128     0.1152          0
K98             0.1683      0.172          0
K99             0.0736     0.0752          0
K100            0.0785     0.0802          0
K101            0.2174     0.2221          0
K102            0.1026     0.1048          0
K103            0.1368     0.1398          0
K104            0.1705     0.1742          0
K105            0.0575     0.0588          0
K106            0.0861      0.088          0
K107            0.0986     0.1008          0
K108            0.0905     0.0924          0
K109            0.2137     0.1916     1.2325
K110             0.132     0.1348          0
K111            0.1263      0.129          0
K112            0.1497      0.153          0
K113            0.0921     0.0941          0
K114            0.1196     0.1222          0
K115            0.0827     0.0758     0.3988
K116            0.1478     0.1365      0.665
K117            0.1408     0.1439          0
K118            0.1938      0.198          0
K119            0.1435     0.1467          0
K120            0.0915     0.0878     0.2613
K121            0.0514     0.0525          0
K122            0.0985     0.0813     0.8913
K123            0.0986     0.1008          0
K124            0.0789     0.0806          0
K125            0.1307     0.1336          0
K126             0.036     0.0368          0
K127            0.0724     0.0739          0
K128            0.0985     0.1006          0
K129            0.0736     0.0752          0
K130            0.0873     0.0892          0
K131            0.1834     0.1069     3.7025
K132            0.1354     0.1284       0.46
K133            0.0757      0.033     2.0375
K134            0.1861     0.1114     3.6225
K135            0.0527     0.0538          0
K136            0.1422     0.1389     0.2925
K137            0.1921     0.1963          0
K138            0.1764     0.1599     0.9337
K139            0.0853     0.0815     0.2613
K140            0.1343     0.1373          0
K141            0.1722     0.1596     0.7538
K142            0.0779     0.0767     0.1313
K143            0.1262     0.1289          0
K144              0.18     0.1839          0
K145            0.0809     0.0799     0.1263
K146            0.1636     0.1672          0
K147            0.0838     0.0756     0.4588
K148            0.1166     0.1163     0.1313
K149            0.0533     0.0544          0
K150            0.1872     0.1649     1.2125
K151            0.1338     0.1367          0
K152            0.2684     0.2288     2.0925
K153            0.1839     0.1879          0
K154            0.1678     0.1372      1.575
K155            0.2244     0.2293          0
K156            0.1056     0.1079          0
K157            0.1253      0.116      0.555
K158            0.0789     0.0806          0
K159            0.0794     0.0811          0
K160            0.1276     0.1303          0
K161            0.2179     0.2089     0.6325
K162            0.0876     0.0895          0
K163             0.099     0.1012          0
K164            0.1358     0.1388          0
K165            0.1314     0.0988     1.6312
K166            0.2413     0.1114      6.215
K167            0.0082     0.0084          0
K168            0.2004     0.1783     1.2175
K169            0.1959     0.2001          0
K170            0.1205     0.1231          0
K171            0.1053     0.1076          0
K172            0.2035     0.2079          0
K173            0.1248     0.1232        0.2
K174             0.167     0.1706          0
K175            0.1148     0.1081      0.425
K176            0.0895     0.0823      0.425
K177            0.1524     0.1557          0
K178            0.1653     0.1689          0
K179            0.1533     0.1566          0
K180            0.1399     0.1429          0
K181            0.3661     0.1959     8.1962
K182            0.1382     0.1195     0.9988
K183            0.1764     0.1802          0
K184            0.1093     0.1117          0
K185            0.1084      0.089     1.0025
K186             0.071     0.0725          0
K187            0.0932     0.0952          0
K188            0.1261     0.0654     2.9187
K189            0.1416     0.1446          0
K190            0.1572     0.1541     0.2988
K191            0.1212      0.121     0.1313
K192            0.1298     0.1326          0
K193            0.1267     0.1295          0
K194            0.0924     0.0862     0.3775
K195            0.1577     0.1266      1.585
K196            0.0885     0.0904          0
K197            0.2339      0.239          0
K198            0.2065     0.1428      3.135
K199            0.0862     0.0881          0
K200             0.272     0.2751     0.1313
K201            0.1247     0.1152     0.5588
K202            0.0947     0.0895      0.335
K203              0.14     0.1394     0.1675
K204            0.1031     0.1053          0
K205            0.1579     0.1613          0
K206            0.1436     0.1467          0
K207            0.1125     0.1086     0.2925
K208            0.1166     0.1191          0
K209            0.1074     0.1098          0
K210            0.1714     0.1752          0
K211            0.1131     0.1155          0
K212            0.1932     0.1974          0
K213            0.1145     0.0877     1.3438
K214            0.0569     0.0581          0
K215            0.1772     0.1188     2.8625
K216                 0          0          0
K217            0.1359     0.0778     2.8075
K218            0.1524     0.1093     2.1363
K219            0.0753      0.077          0
K220            0.2057     0.1995     0.4925
K221            0.1481     0.1513          0
K222            0.1824     0.1207       3.02
K223             0.107     0.0837     1.1775
K224            0.0848     0.0782     0.3925
K225            0.0537     0.0314     1.0825
K226            0.1331     0.1042     1.4625
K227             0.196     0.1833     0.7813
K228            0.1365     0.1174      1.015
K229            0.1717     0.1139       2.83
K230            0.1095     0.1092     0.1263
K231            0.1955     0.1083     4.2063
K232            0.0965     0.0836     0.6912
K233            0.1322     0.1039     1.4325
K234            0.2304       0.15     3.9263
K235            0.1261     0.1091     0.9075
K236            0.2145     0.1445     3.4375
K237            0.1658     0.0949      3.425
K238            0.0025     0.0026          0
K239            0.1853     0.1149     3.4225
K240            0.1854     0.0746     5.2825
K241             0.181     0.0862       4.54
K242            0.2588     0.1181     6.7288
K243            0.1724      0.082     4.3313
K244              0.22     0.0961     5.9213
K245            0.1003     0.0338       3.16
K246            0.3331     0.1194    10.1638
K247            0.0036     0.0036          0
K248            0.0445     0.0455          0
K249            0.0978     0.0999          0
K250            0.1266     0.1294          0
K251            0.1422     0.1453          0
K252            0.1131     0.1155          0
K253            0.0822      0.084          0
K254              0.09     0.0856     0.2925
K255            0.1032     0.1054          0
K256            0.0845     0.0863          0
K257            0.1171     0.1196          0
K258            0.1148     0.1173          0
K259            0.0952     0.0973          0
K260            0.1149     0.1174          0
K261            0.1524     0.1557          0
K262            0.0963     0.0984          0
K263            0.0961     0.0982          0
K264             0.155     0.1583          0
K265            0.1099     0.1123          0
K266            0.0503     0.0514          0
K267            0.1126     0.1151          0
K268            0.1347     0.1376          0
K269            0.1232     0.1259          0
K270            0.0965     0.0986          0
K271             0.098     0.1001          0
K272            0.1729     0.1767          0
K273            0.0535     0.0546          0
K274            0.1684     0.1721          0
K275             0.139     0.1421          0
K276            0.0676      0.069          0
K277            0.0391     0.0399          0
K278            0.0787     0.0804          0
K279            0.1756     0.1794          0
K280            0.1716     0.1718     0.1663
K281            0.1837     0.1877          0
K282            0.1009     0.1031          0
K283            0.1081     0.1105          0
K284             0.108     0.1103          0
K285            0.0822      0.084          0
K286            0.1311      0.134          0
K287            0.1116      0.114          0
K288            0.0886     0.0906          0
K289            0.1414     0.1444          0
K290            0.0521     0.0533          0
K291            0.1245     0.1272          0
K292            0.1226     0.1252          0
K293            0.1005     0.1027          0
K294            0.1284     0.1283     0.1313
K295            0.1261     0.1289          0
K296            0.0727     0.0743          0
K297            0.0937     0.0929     0.1313
K298             0.171     0.1747          0
K299            0.0791     0.0745     0.2925
K300            0.1782     0.1821          0
K301            0.1346     0.1347     0.1313
K302            0.1153     0.1178          0
K303            0.1101     0.1125          0
K304            0.1399     0.1429          0
K305            0.1361     0.1334     0.2613
K306            0.0997     0.1019          0
K307            0.1057      0.108          0
K308            0.1603     0.1638          0
K309            0.0974     0.0995          0
K310            0.0581     0.0593          0
K311            0.0988     0.0883     0.5838
K312            0.1248      0.122     0.2512
K313            0.0889     0.0909          0
K314            0.1739     0.1748     0.1325
K315            0.0075     0.0077          0
K316            0.1143     0.1168          0
K317            0.1075     0.1098          0
K318            0.0968     0.0989          0
K319            0.1664       0.17          0
K320            0.0391     0.0399          0
K321            0.0462     0.0472          0
K322            0.1155      0.118          0
K323            0.0868     0.0887          0
K324            0.0695      0.071          0
K325             0.114     0.1164          0
K326            0.0992     0.1014          0
K327            0.1695      0.166     0.3325
K328            0.0873     0.0892          0
K329            0.1608     0.1643          0
K330            0.1924     0.1966          0
K331            0.1099     0.1123          0
K332            0.1215     0.1241          0
K333            0.0849     0.0868          0
K334            0.0753     0.0741     0.1313
K335            0.0791     0.0808          0
K336             0.069     0.0705          0
K337            0.1961     0.2004          0
K338            0.2118     0.2128     0.1663
K339            0.0569     0.0581          0
K340            0.1426     0.1457          0
K341            0.1251     0.1279          0
K342            0.1127     0.1151          0
K343            0.1272     0.1299          0
K344            0.0401      0.041          0
K345            0.0633     0.0618     0.1313
K346            0.1133     0.1158          0
K347            0.0718     0.0734          0
K348             0.094     0.0961          0
K349            0.1293     0.1321          0
K350            0.0678     0.0693          0
K351            0.1243      0.127          0
K352            0.0393     0.0402          0
K353            0.1046     0.1069          0
K354            0.0694      0.071          0
K355            0.0715      0.073          0
K356            0.1154     0.1179          0
K357            0.0788     0.0805          0
K358            0.0872     0.0891          0
K359            0.1075     0.1099          0
K360            0.1275     0.1302          0
K361            0.0947     0.0967          0
K362            0.1051     0.1074          0
K363             0.082     0.0838          0
K364            0.1768     0.1807          0
K365            0.1806     0.1845          0
K366            0.0956     0.0977          0
K367            0.0521     0.0533          0
K368            0.1465     0.1368     0.5962
K369             0.069     0.0705          0
K370            0.0659     0.0673          0
K371            0.1118     0.1142          0
K372            0.1994     0.2038          0
K373            0.1804     0.1843          0
K374            0.0794     0.0811          0
K375            0.0814     0.0831          0
K376            0.1263      0.129          0
K377            0.1095     0.1119          0
K378            0.1143     0.1168          0
K379             0.091      0.093          0
K380             0.146     0.1492          0
K381            0.0849     0.0867          0
K382            0.1718     0.1756          0
K383            0.1738     0.1776          0
K384            0.1804     0.1843          0
K385            0.1767     0.1747     0.2663
K386            0.1687     0.1723          0
K387             0.137       0.14          0
K388            0.1065      0.106     0.1325
K389            0.1341      0.137          0
K390            0.1783     0.1821          0
K391            0.1177     0.1203          0
K392            0.1042     0.1064          0
K393            0.0949      0.097          0
K394             0.069     0.0705          0
K395            0.1167     0.1193          0
K396            0.0635     0.0649          0
K397            0.1116      0.114          0
K398            0.1998     0.2041          0
K399            0.1749     0.1729     0.2663
K400            0.0823      0.084          0
K401            0.1634     0.1669          0
K402            0.0824     0.0842          0
K403            0.1718     0.1727     0.1325
K404            0.1061     0.1084          0
K405            0.0057     0.0058          0
K406            0.1024     0.1047          0
K407            0.1771     0.1809          0
K408              0.17     0.1737          0
K409            0.2095     0.2141          0
K410            0.1268     0.1296          0
K411            0.1434     0.1465          0
K412            0.1576      0.161          0
K413            0.1761     0.1799          0
K414            0.1838     0.1878          0
K415            0.1232     0.1258          0
K416            0.1236     0.1263          0
K417            0.1881     0.1922          0
K418            0.1122     0.1146          0
K419            0.1564     0.1598          0
K420            0.2237     0.2257     0.1325
K421            0.1491     0.1469     0.2512
K422            0.1374     0.1375     0.1325
K423            0.2147     0.2194          0
K424            0.1643      0.165     0.1313
K425            0.1841     0.1882          0
K426            0.1217     0.1186     0.2663
K427            0.1244     0.1271          0
K428            0.1689     0.1726          0
K429            0.1201     0.1227          0
K430            0.0921     0.0941          0
K431            0.1518     0.1551          0
K432            0.0831     0.0849          0
K433            0.1518     0.1551          0
K434            0.2281     0.2302     0.1325
K435            0.1914     0.1956          0
K436            0.1556      0.159          0
K437            0.1708     0.1745          0
K438            0.2954     0.2989     0.1325
K439            0.1823     0.1862          0
K440            0.2321     0.2371          0
K441            0.2763     0.2795     0.1313
K442            0.1769     0.1808          0
K443            0.1925     0.1967          0
K444            0.1726     0.1763          0
K445            0.3181      0.325          0
K446            0.0852     0.0871          0
K447            0.1324     0.1353          0
K448             0.131     0.1338          0
K449            0.1369     0.1398          0
K450            0.1786     0.1825          0
K451            0.1385     0.1415          0
K452            0.1422     0.1452          0
K453            0.1709     0.1746          0
K454            0.1912     0.1953          0
K455            0.0925     0.0945          0
K456            0.1045     0.1068          0
K457            0.1099     0.1123          0
K458            0.1173     0.1199          0
K459            0.2045      0.209          0
K460            0.0924     0.0944          0
K461            0.0662     0.0676          0
K462            0.2472     0.2525          0
K463            0.1265     0.1293          0
K464            0.2074      0.212          0
K465            0.1403     0.1434          0
K466            0.1497      0.153          0
K467            0.1688     0.1725          0
K468            0.2427     0.2444     0.1663
K469            0.2372     0.2423          0
K470            0.1679     0.1715          0
K471            0.1886     0.1927          0
K472            0.1557      0.159          0
K473            0.0755     0.0772          0
K474             0.103     0.1052          0
K475            0.1062     0.1085          0
K476            0.0818     0.0835          0
K477            0.1354     0.1383          0
K478            0.0868     0.0887          0
K479            0.1449      0.148          0
K480            0.0682     0.0697          0
K481            0.1247     0.1274          0
K482            0.0642     0.0656          0
K483            0.0474     0.0485          0
K484            0.1035     0.1057          0
K485            0.1072     0.1095          0
K486             0.254     0.2596          0
K487            0.0937     0.0957          0
K488            0.0765     0.0782          0
K489            0.1354     0.1383          0
K490            0.0886     0.0905          0
K491            0.1221     0.1248          0
K492            0.1326     0.1355          0
K493            0.0533     0.0545          0
K494            0.0985     0.1007          0
K495            0.1362     0.1392          0
K496             0.152     0.1553          0
K497            0.1086      0.111          0
K498            0.1245     0.1273          0
K499            0.0946     0.0938     0.1313
K500            0.0111     0.0113          0
K501            0.0732     0.0748          0
K502              0.13     0.1328          0
K503            0.0863     0.0882          0
K504            0.0638     0.0652          0
K505            0.0969      0.099          0
K506            0.1632     0.1667          0
K507            0.1566       0.16          0
K508            0.1596      0.163          0
K509            0.1093     0.1061     0.2588
K510            0.1001     0.1023          0
K511            0.1047     0.1069          0
K512            0.0982     0.1004          0
K513            0.2103     0.2149          0
K514            0.1212     0.1238          0
K515            0.0113     0.0115          0
K516            0.2037     0.2081          0
K517            0.1172     0.1197          0
K518            0.1331      0.136          0
K519            0.1922     0.1935     0.1325
K520            0.0884     0.0903          0
K521            0.1803     0.1842          0
K522            0.1409     0.1439          0
K523            0.1113     0.1137          0
K524             0.103     0.1052          0
K525            0.0632     0.0646          0
K526            0.1793     0.1832          0
K527            0.1619     0.1654          0
K528            0.1675     0.1711          0
K529            0.0608     0.0621          0
K530            0.0698     0.0713          0
K531            0.0942     0.0962          0
K532            0.1179     0.1205          0
K533            0.0789     0.0806          0
K534            0.1409      0.144          0
K535            0.0876     0.0895          0
K536            0.1189     0.1215          0
K537            0.0976     0.0997          0
K538            0.0741     0.0757          0
K539            0.0711     0.0727          0
K540            0.1291     0.1291     0.1313
K541            0.1747     0.1785          0
K542            0.1667     0.1704          0
K543            0.1494     0.1526          0
K544            0.1324     0.1352          0
K545            0.1155      0.118          0
K546             0.094      0.096          0
K547            0.0427     0.0436          0
K548            0.1216     0.1242          0
K549             0.155     0.1583          0
K550             0.104     0.1063          0
K551            0.1574     0.1608          0
K552            0.1209     0.1235          0
K553             0.128     0.1308          0
K554            0.1734     0.1743     0.1313
K555            0.1836     0.1876          0
K556            0.1481     0.1514          0
K557            0.1734     0.1743     0.1313
K558            0.1189     0.1215          0
K559            0.1385     0.1415          0
K560            0.2206     0.2254          0
K561             0.057     0.0582          0
K562            0.1296     0.1237     0.3988
K563            0.1168     0.1193          0
K564            0.3168     0.3237          0
K565            0.0796     0.0813          0
K566            0.1344     0.1373          0
K567             0.124     0.1267          0
K568            0.0853     0.0872          0
K569            0.0786     0.0803          0
K570            0.0047     0.0048          0
K571            0.1437     0.1468          0
K572             0.128     0.1308          0
K573            0.0965     0.0929     0.2613
K574            0.0527     0.0538          0
K575            0.0587       0.06          0
K576            0.1148     0.1173          0
K577            0.1703     0.1648     0.4263
K578            0.1379     0.1409          0
K579            0.1895     0.1907     0.1313
K580            0.1899      0.194          0
K581            0.0827     0.0845          0
K582            0.1784     0.1823          0
K583             0.142     0.1451          0
K584            0.1873     0.1913          0
K585            0.2217     0.2265          0
K586            0.1276     0.1304          0
K587            0.1128     0.1153          0
K588             0.119     0.1216          0
K589            0.2285     0.2335          0
K590            0.2045     0.2033     0.2613
K591            0.1751     0.1789          0
K592             0.132     0.1292     0.2613
K593            0.1821     0.1804     0.2613
K594            0.2058     0.2103          0
K595            0.0197     0.0201          0
K596            0.1134     0.1159          0
K597            0.0631     0.0536        0.5
K598            0.1341      0.137          0
K599            0.1762       0.18          0
K600            0.1738     0.1718     0.2663
K601            0.2588     0.2615     0.1313
K602            0.1358     0.1387          0
K603            0.0841     0.0831     0.1313
K604            0.1479     0.1483     0.1313
K605            0.1767     0.1805          0
K606            0.0907     0.0927          0
K607            0.3089     0.3156          0
K608             0.159     0.1568     0.2613
K609            0.1834     0.1818     0.2588
K610            0.1379     0.1381     0.1313
K611            0.2777     0.2838          0
K612            0.2103     0.2149          0
K613             0.092      0.094          0
K614            0.1348     0.1377          0
K615            0.2658     0.2659     0.2613
K616            0.2378      0.243          0
K617            0.1817       0.18     0.2613
K618            0.2177     0.2196     0.1313
K619            0.2569     0.2511     0.5238
K620            0.1451     0.1483          0
K621            0.2349     0.2284     0.5325
K622            0.1389     0.1419          0
K623            0.0516     0.0527          0
K624            0.1116      0.114          0
K625            0.1116      0.114          0
K626            0.1298     0.1327          0
K627            0.1785     0.1824          0
K628            0.2765     0.2826          0
K629             0.075     0.0766          0
K630            0.0931     0.0951          0
K631            0.1473     0.1505          0
K632            0.1755     0.1793          0
K633            0.1397     0.1398     0.1325
K634            0.0947     0.0968          0
K635             0.233     0.2381          0
K636            0.0654     0.0668          0
K637            0.1874     0.1915          0
K638            0.1787     0.1826          0
K639            0.1404     0.1434          0
K640            0.0857     0.0876          0
K641            0.1037      0.106          0
K642            0.0566     0.0579          0
K643            0.2045      0.209          0
K644            0.2315     0.2366          0
K645            0.1006     0.1028          0
K646            0.1048      0.107          0
K647            0.1255     0.1283          0
K648            0.1247     0.1246     0.1325
K649            0.1365     0.1394          0
K650            0.0598     0.0611          0
K651            0.0816     0.0833          0
K652            0.1685     0.1722          0
K653            0.1239     0.1266          0
K654            0.1408     0.1439          0
K655            0.0492     0.0503          0
K656            0.0564     0.0576          0
K657            0.1414     0.1444          0
K658            0.0728     0.0686     0.2663
K659            0.2516     0.2571          0
K660             0.212     0.2166          0
K661            0.2015     0.2058          0
K662            0.1151     0.1176          0
K663            0.1374     0.1376     0.1325
K664            0.1627     0.1662          0
K665             0.255     0.2605          0
K666             0.115     0.1175          0
K667            0.0916     0.0936          0
K668            0.0691     0.0706          0
K669            0.1594     0.1629          0
K670            0.1187     0.1213          0
K671            0.1403     0.1433          0
K672            0.2287     0.2337          0
K673             0.095     0.0942     0.1325
K674            0.1278     0.1306          0
K675            0.1379     0.1409          0
K676            0.1006     0.1028          0
K677            0.0865     0.0884          0
K678              0.01     0.0102          0
K679            0.0673     0.0687          0
K680            0.1093     0.1117          0
K681            0.2115     0.2161          0
K682             0.194     0.1946     0.1663
K683            0.1195     0.1221          0
K684            0.1403     0.1433          0
K685            0.1129     0.1153          0
K686            0.1049     0.1071          0
K687            0.0809     0.0791     0.1663
K688            0.1631     0.1667          0
K689            0.0267     0.0273          0
K690            0.1505     0.1538          0
K691            0.1485     0.1517          0
K692            0.2219     0.2267          0
K693            0.1113     0.1137          0
K694            0.1597     0.1632          0
K695            0.1748     0.1786          0
K696            0.1451     0.1483          0
K697             0.106     0.1025     0.2663
K698            0.1151     0.1176          0
K699            0.4749     0.4852          0
K700            0.1278     0.1305          0
K701             0.197     0.2013          0
K702            0.0768     0.0785          0
K703            0.1468     0.1499          0
K704            0.1014     0.1036          0
K705            0.2212      0.226          0
K706            0.1493     0.1525          0
K707            0.1482     0.1485     0.1313
K708            0.1024     0.1046          0
K709            0.1613     0.1648          0
K710             0.203     0.2074          0
K711            0.1206     0.1232          0
K712            0.2219     0.2268          0
K713            0.0635     0.0648          0
K714             0.208     0.2125          0
K715            0.0968     0.0989          0
K716            0.1223     0.1249          0
K717            0.1749     0.1787          0
K718            0.0324     0.0332          0
K719            0.1589     0.1624          0
K720            0.1139     0.1164          0
K721            0.1371     0.1401          0
K722            0.0962     0.0983          0
K723            0.1593     0.1628          0
K724            0.2028     0.2014     0.2663
K725            0.0802      0.082          0
K726            0.2245     0.2294          0
K727            0.1093     0.1117          0
K728            0.1554     0.1588          0
K729            0.1514     0.1547          0
K730            0.1734     0.1743     0.1313
K731            0.0113     0.0115          0
K732            0.2109     0.2155          0
K733            0.0482     0.0492          0
K734            0.2039     0.2083          0
K735            0.1437     0.1468          0
K736            0.0992     0.1013          0
K737            0.2239     0.2288          0
K738            0.1198     0.1224          0
K739            0.1056     0.1079          0
K740            0.1525     0.1558          0
K741            0.0188     0.0192          0
K742            0.2388      0.244          0
K743            0.3137     0.3205          0
K744            0.1961     0.2003          0
K745            0.0586     0.0599          0
K746            0.1317     0.1346          0
K747            0.1865     0.1906          0
K748            0.1226     0.1252          0
K749            0.0674     0.0689          0
K750            0.1048     0.1071          0
K751            0.1104     0.1128          0
K752            0.1365     0.1395          0
K753            0.1905     0.1947          0
K754            0.1487     0.1519          0
K755            0.1526     0.1559          0
K756            0.1914     0.1955          0
K757            0.1361     0.1391          0
K758            0.0974     0.0996          0
K759            0.2024     0.2068          0
K760            0.2139     0.2185          0
K761            0.1211     0.1237          0
K762            0.1638     0.1673          0
K763            0.1524     0.1557          0
K764            0.0991     0.0983     0.1325
K765            0.1599     0.1634          0
K766            0.1643     0.1679          0
K767            0.1463     0.1467     0.1263
K768            0.0081     0.0083          0
K769            0.2368      0.242          0
K770            0.2181       0.22     0.1313
K771            0.0784     0.0801          0
K772             0.196     0.2003          0
K773            0.2455     0.2509          0
K774            0.1026      0.102     0.1313
K775            0.1795     0.1806     0.1313
K776            0.0936     0.0956          0
K777            0.2299     0.2349          0
K778            0.1183     0.1209          0
K779            0.1484      0.146     0.2613
K780            0.1816     0.1856          0
K781            0.1181     0.1178     0.1325
K782             0.348     0.3555          0
K783            0.1058     0.1081          0
K784            0.0641     0.0655          0
K785            0.0832     0.0851          0
K786            0.2028     0.2072          0
K787            0.1576      0.161          0
K788             0.149     0.1523          0
K789            0.0909     0.0929          0
K790             0.138      0.141          0
K791            0.0971     0.0992          0
K792            0.0593     0.0606          0
K793            0.0886     0.0905          0
K794            0.2089     0.2134          0
K795            0.0993     0.1015          0
K796            0.1403     0.1433          0
K797            0.1321      0.135          0
K798            0.1459     0.1491          0
K799             0.081      0.077     0.2663
K800            0.1062     0.1085          0
K801            0.1019     0.1042          0
K802            0.1578     0.1613          0
K803            0.1337     0.1279     0.3988
K804            0.0989     0.1011          0
K805             0.167     0.1707          0
K806            0.0035     0.0036          0
K807            0.0805     0.0822          0
K808            0.1855     0.1866     0.1325
K809            0.1641     0.1676          0
K810             0.079     0.0807          0
K811            0.2469     0.2523          0
K812            0.1614     0.1649          0
K813             0.199     0.2033          0
K814            0.1931     0.1683     1.3313
K815            0.1145      0.117          0
K816             0.139      0.142          0
K817            0.2352     0.2403          0
K818            0.0763     0.0779          0
K819            0.2352     0.2345     0.2663
K820            0.1984     0.2027          0
K821            0.1872     0.1884     0.1325
K822            0.1416     0.1418     0.1325
K823            0.0557     0.0569          0
K824            0.1384     0.1414          0
K825            0.0762     0.0779          0
K826            0.2244     0.2264     0.1325
K827            0.1192     0.1218          0
K828            0.0708     0.0695     0.1313
K829            0.0667     0.0682          0
K830            0.1597     0.1632          0
K831             0.237     0.2422          0
K832            0.0979        0.1          0
K833            0.0977     0.0998          0
K834             0.138      0.141          0
K835            0.1653     0.1689          0
K836             0.158     0.1586     0.1313
K837            0.0954     0.0975          0
K838            0.0826     0.0844          0
K839            0.1729     0.1767          0
K840             0.177     0.1809          0
K841            0.1428      0.146          0
K842            0.0761     0.0778          0
K843            0.1673     0.1709          0
K844             0.105     0.1073          0
K845            0.1464     0.1496          0
K846            0.1896     0.1937          0
K847            0.0936     0.0956          0
K848            0.1372     0.1402          0
K849            0.0908     0.0928          0
K850            0.1279     0.1307          0
K851            0.1073     0.1097          0
K852            0.1223      0.125          0
K853            0.1179     0.1205          0
K854            0.0056     0.0057          0
K855            0.1007     0.1029          0
K856            0.1583     0.1617          0
K857            0.1246     0.1273          0
K858            0.0618     0.0631          0
K859            0.1674     0.1682     0.1313
K860            0.2258     0.2307          0
K861            0.1303     0.1331          0
K862            0.1307     0.1307     0.1313
K863            0.1165      0.119          0
K864            0.0967     0.0988          0
K865            0.1462     0.1465     0.1313
K866            0.1403     0.1433          0
K867            0.1301      0.133          0
K868            0.0552     0.0564          0
K869            0.0823     0.0841          0
K870             0.038     0.0388          0
K871            0.1168     0.1193          0
K872            0.0845     0.0863          0
K873            0.1839     0.1879          0
K874            0.1969     0.1983     0.1325
K875             0.069     0.0705          0
K876            0.0964     0.0956     0.1325
K877            0.1666     0.1702          0
K878            0.0854     0.0872          0
K879            0.1738     0.1747     0.1325
K880            0.1014     0.1036          0
K881            0.1384     0.1301     0.5238
K882            0.0353     0.0361          0
K883            0.0953     0.0974          0
K884            0.1279     0.1307          0
K885            0.0926     0.0946          0
K886            0.2033     0.2077          0
K887            0.2223     0.2272          0
K888            0.0435     0.0445          0
K889            0.0787     0.0804          0
K890            0.0495     0.0506          0
K891            0.1144     0.1168          0
K892            0.0688     0.0703          0
K893            0.1729     0.1766          0
K894            0.2297     0.2319     0.1313
K895            0.1667     0.1703          0
K896            0.0721     0.0736          0
K897            0.0543     0.0555          0
K898            0.0694     0.0709          0
K899            0.1092     0.1116          0
K900              0.08     0.0817          0
K901            0.1137     0.1162          0
K902            0.1309     0.1338          0
K903            0.0816     0.0834          0
K904             0.081     0.0828          0
K905            0.0797     0.0779     0.1663
K906            0.1134     0.1159          0
K907             0.099     0.1011          0
K908            0.0836     0.0854          0
K909            0.1276     0.1304          0
K910            0.1373     0.1403          0
K911            0.0886     0.0905          0
K912            0.0552     0.0564          0
K913            0.1456     0.1118     1.6975
K914            0.1269     0.1269     0.1263
K915            0.1055     0.1078          0
K916            0.0623     0.0637          0
K917            0.0896     0.0916          0
K918            0.1051     0.1074          0
K919            0.1467     0.1499          0
K920            0.1086      0.111          0
K921            0.0986     0.1008          0
K922            0.1153     0.1178          0
K923            0.1646     0.1682          0
K924             0.046      0.047          0
K925            0.1002     0.1024          0
K926             0.147     0.1502          0
K927            0.2755     0.2721     0.4313
K928            0.1615      0.165          0
K929            0.1414     0.1444          0
K930            0.1644      0.168          0
K931            0.1714     0.1751          0
K932            0.1064     0.1087          0
K933            0.1182     0.1207          0
K934            0.1578     0.1518     0.4338
K935            0.1064     0.1087          0
K936            0.1858     0.1898          0
K937            0.0448     0.0457          0
K938            0.1671     0.1708          0
K939            0.1285     0.1277     0.1663
K940            0.1818     0.1857          0
K941            0.1363     0.1288     0.4825
K942            0.1079     0.1103          0
K943            0.0706     0.0721          0
K944            0.0816     0.0834          0
K945            0.1014     0.1036          0
K946            0.2169     0.2216          0
K947             0.117     0.1195          0
K948            0.1827     0.1867          0
K949            0.0735     0.0751          0
K950            0.3435     0.3427     0.3825
K951            0.1389     0.1101     1.4625
K952            0.1278     0.1306          0
K953            0.1242     0.1269          0
K954            0.0691     0.0677     0.1325
K955            0.0716     0.0732          0
K956            0.1051     0.0978     0.4425
K957            0.1465     0.1497          0
K958            0.1048     0.1071          0
K959            0.1599     0.1634          0
K960            0.1102     0.1126          0
K961            0.2065      0.211          0
K962            0.1666     0.1703          0
K963            0.1321      0.135          0
K964            0.1158     0.1156     0.1263
K965            0.0812     0.0829          0
K966            0.1868     0.1776     0.6075
K967            0.1438     0.1469          0
K968            0.0986     0.1008          0
K969            0.1977     0.1992     0.1263
K970            0.0928     0.0776      0.795
K971            0.1232     0.0959     1.3825
K972            0.1408     0.1439          0
K973            0.1921     0.1924       0.18
K974            0.0472     0.0483          0
K975            0.1365     0.1395          0
K976            0.0949      0.097          0
K977            0.1311     0.1339          0
K978            0.1723     0.1761          0
K979            0.2236     0.2285          0
K980            0.1568     0.1602          0
K981             0.127     0.1298          0
K982            0.0355     0.0363          0
K983            0.0829     0.0847          0
K984            0.1446     0.1477          0
K985            0.1288     0.1316          0
K986            0.1171     0.1196          0
K987            0.0916     0.0936          0
K988            0.0867     0.0886          0
K989            0.0486     0.0497          0
K990             0.164     0.1676          0
K991            0.0737     0.0753          0
K992            0.1712     0.1749          0
K993            0.1568      0.147     0.6075
K994            0.0744     0.0761          0
K995            0.1891     0.1932          0
K996            0.0886     0.0905          0
K997            0.1373     0.1242     0.7413
K998            0.1757     0.1757     0.1763
K999            0.0796     0.0813          0
K1000           0.1043     0.1065          0
K1001           0.1086     0.1109          0
K1002           0.1019     0.1041          0
K1003           0.0996     0.1017          0
K1004           0.1082     0.1106          0
K1005           0.1484     0.1432     0.3875
K1006           0.1113     0.1137          0
K1007           0.0307     0.0313          0
K1008           0.1455     0.1487          0
K1009           0.0077     0.0079          0
K1010           0.1441     0.1473          0
K1011           0.0965     0.0986          0
K1012            0.122     0.1219     0.1263
K1013           0.1291      0.132          0
K1014           0.0881       0.09          0
K1015           0.1706     0.1412     1.5213
K1016           0.1397     0.1427          0
K1017           0.1055     0.1077          0
K1018           0.0685       0.07          0
K1019           0.1643     0.1437       1.11
K1020           0.1356     0.1386          0
K1021           0.1278     0.1305          0
K1022             0.11     0.1096     0.1263
K1023           0.0996     0.1017          0
K1024           0.0078      0.008          0
K1025           0.0856     0.0875          0
K1026           0.1029     0.1052          0
K1027           0.1351      0.138          0
K1028           0.1297     0.1296     0.1325
K1029           0.0868     0.0886          0
K1030           0.0308     0.0287     0.1263
K1031           0.1687     0.1723          0
K1032           0.0319     0.0326          0
K1033           0.0936     0.0957          0
K1034           0.1384     0.1376     0.1763
K1035            0.153     0.1497     0.3063
K1036           0.1313     0.1341          0
K1037           0.0686     0.0701          0
K1038             0.13     0.1328          0
K1039           0.1513     0.1546          0
K1040           0.0606     0.0619          0
K1041           0.1122     0.1146          0
K1042           0.0732     0.0748          0
K1043           0.0869     0.0888          0
K1044           0.1197     0.1196     0.1263
K1045           0.0391     0.0371     0.1313
K1046           0.0819     0.0837          0
K1047           0.0763     0.0751     0.1313
K1048           0.1323     0.1285     0.3075
K1049           0.0392     0.0401          0
K1050           0.1225     0.1224     0.1263
K1051           0.2301       0.18     2.5375
K1052           0.1484     0.1487     0.1325
K1053           0.1446     0.1477          0
K1054           0.1857     0.1747     0.6925
K1055           0.1681      0.169     0.1263
K1056           0.1776     0.1815          0
K1057           0.1259     0.1286          0
K1058            0.094     0.0961          0
K1059           0.1005     0.1026          0
K1060            0.111     0.1134          0
K1061           0.0658     0.0673          0
K1062           0.2149     0.2196          0
K1063           0.1174       0.12          0
K1064           0.1206     0.1232          0
K1065             0.14     0.1326     0.4825
K1066           0.1746     0.1784          0
K1067           0.1543     0.1499     0.3562
K1068           0.0859     0.0878          0
K1069           0.1511     0.1544          0
K1070           0.1816     0.1615      1.105
K1071           0.1859     0.1359     2.4875
K1072            0.304     0.1679     6.5638
K1073           0.0626      0.064          0
K1074           0.1181      0.096      1.135
K1075            0.126     0.0791     2.2825
K1076           0.1577     0.1611          0
K1077           0.0851      0.087          0
K1078           0.0477     0.0431     0.2613
K1079           0.1242     0.1241     0.1263
K1080           0.1294     0.1119     0.9313
K1081           0.1215     0.1241          0
K1082           0.1003     0.1025          0
K1083           0.0712     0.0728          0
K1084           0.0096     0.0098          0
K1085           0.0831     0.0849          0
K1086           0.1095      0.108       0.18
K1087           0.1172     0.1198          0
K1088           0.0616     0.0629          0
K1089           0.0635     0.0649          0
K1090           0.1045     0.1068          0
K1091           0.1599     0.1634          0
K1092           0.1911     0.1953          0
K1093           0.0754     0.0771          0
K1094           0.1133     0.1158          0
K1095            0.066     0.0647     0.1263
K1096           0.0786     0.0776     0.1263
K1097           0.1126     0.0839      1.435
K1098            0.196     0.1661     1.5725
K1099           0.0995     0.0977       0.18
K1100           0.1834     0.1464     1.8825
K1101            0.091     0.0838     0.4263
K1102           0.1496     0.1528          0
K1103           0.1101     0.1096     0.1325
K1104           0.1163     0.1188          0
K1105           0.1156     0.1181          0
K1106           0.1115     0.1139          0
K1107           0.1207     0.1233          0
K1108           0.1363     0.1393          0
K1109           0.0688     0.0675     0.1263
K1110           0.1059     0.1082          0
K1111             0.09     0.0919          0
K1112           0.0986     0.1008          0
K1113           0.1525     0.1558          0




=== Clustering stats for training data ===

Clustered Instances
0      368 ( 98%)
1        8 (  2%)

@RELATION teste



@DATA
